832 369
864 391
870 396
872 397
888 416
904 434
916 448
958 497
1029 587
1071 664
1103 703
1219 725
1495 688
1850 609
2126 526
2206 472
2198 439
2155 388
2063 315
1896 228
1726 180
1561 174
1452 198
1390 222
1350 248
1293 284
1219 325
1132 371
1055 404
980 432
897 463
818 482
734 490
635 488
542 469
491 438
473 398
475 351
488 308
508 268
541 234
596 215
687 225
809 285
946 373
1075 454
1186 508
1300 539
1414 545
1534 530
1618 499
1679 451
1716 402
1738 352
1744 312
1740 284
1730 264
1720 246
1692 229
1640 210
1576 197
1512 199
1447 219
1379 246
1311 281
1246 316
1197 347
1150 376
1102 401
1049 418
979 432
889 435
776 426
655 399
587 357
571 322
573 288
589 251
617 213
660 182
716 167
804 179
920 238
1027 316
1110 384
1166 434
1193 454
1208 457
1232 450
1280 423
1351 377
1415 328
1444 295
1450 280
1451 271
1447 263
1442 257
1423 254
1370 263
1289 277
